                                                   The REG Procedure                                                    
                                                     Model: MODEL1                                                      
                                               Dependent Variable: Weight                                               

Source                 DF  Sum of Squares  Mean Square   F Value    Pr > F
---------------  --------  --------------  -----------  --------  --------
Model                   1      1021.74726   1021.74726   3631.61    <.0001
Error                  40        11.25393      0.28135                    
Corrected Total        41      1033.00119                                 

Root MSE           0.53042    R-Square            0.9891
Dependent Mean      22.17381    Adj R-Sq            0.9888
Coeff Var          2.39211

                                              Parameter Estimates                                               

Variable         DF   Estimate  Standard Error   t Value  Pr > |t|  90% Confidence Limits  90% Confidence Limits
---------  --------  ---------  --------------  --------  --------  ---------------------  ---------------------
Intercept         1  -23.67333         0.76518    -30.94    <.0001              -24.96177              -22.38489
Height            1    0.80353         0.01333     60.26    <.0001                0.78108                0.82598

                                  Output Statistics                                  

     Obs  Dep Var Weight  Predicted  Residual      LCLM      UCLM       LCL       UCL
--------  --------------  ---------  --------  --------  --------  --------  --------
       1         12.5000    12.6462   -0.1462   12.3465   12.9460   11.7041   13.5884
       2         18.3000    18.6727   -0.3727   18.5037   18.8417   17.7637   19.5817
       3         22.0000    23.0118   -1.0118   22.8720   23.1516   22.1078   23.9158
       4         15.8000    14.4944    1.3056   14.2393   14.7494   13.5655   15.4232
       5         28.6000    27.9937    0.6063   27.7805   28.2068   27.0754   28.9119
       6         19.2000    19.5566   -0.3566   19.4006   19.7126   18.6499   20.4633
       7         24.9000    24.8599    0.0401   24.7030   25.0168   23.9531   25.7667
       8         13.7000    13.5301    0.1699   13.2520   13.8082   12.5947   14.4656
       9         17.1000    17.1460   -0.0460   16.9492   17.3428   16.2314   18.0606
      10         26.3000    26.7080   -0.4080   26.5208   26.8952   25.7955   27.6206
      11         20.4000    20.6815   -0.2815   20.5376   20.8255   19.7769   21.5862
      12         23.8000    23.7350    0.0650   23.5904   23.8795   22.8302   24.6397
      13         14.6000    15.4586   -0.8586   15.2258   15.6914   14.5356   16.3816
      14         27.4000    27.0294    0.3706   26.8360   27.2228   26.1156   27.9433
      15         21.7000    21.7261   -0.0261   21.5877   21.8645   20.8223   22.6299
      16         25.1000    25.9045   -0.8045   25.7317   26.0773   24.9948   26.8142
      17         16.4000    16.4228   -0.0228   16.2111   16.6345   15.5049   17.3407
      18         29.9000    29.1990    0.7010   28.9591   29.4388   28.2742   30.1238
      19         22.9000    22.3690    0.5310   22.2310   22.5069   21.4652   23.2727
      20         18.0000    17.6281    0.3719   17.4407   17.8155   16.7155   18.5407
      21         30.7000    30.4043    0.2957   30.1361   30.6724   29.4717   31.3368
      22         23.3000    23.4939   -0.1939   23.3512   23.6366   22.5894   24.3984
      23         19.9000    19.9584   -0.0584   19.8073   20.1094   19.0525   20.8642
      24         27.8000    28.3151   -0.5151   28.0950   28.5352   27.3952   29.2349
      25         20.8000    21.2440   -0.4440   21.1038   21.3843   20.3399   22.1481
      26         24.4000    25.5027   -1.1027   25.3365   25.6690   24.5942   26.4112
      27         15.2000    14.9765    0.2235   14.7327   15.2203   14.0506   15.9023
      28         28.2000    27.6723    0.5277   27.4659   27.8786   26.7556   28.5889
      29         21.1000    21.4047   -0.3047   21.2652   21.5442   20.5007   22.3087
      30         25.6000    26.3866   -0.7866   26.2054   26.5678   25.4752   27.2980
      31         16.9000    16.9049   -0.0049   16.7033   17.1066   15.9893   17.8206
      32         29.0000    28.6365    0.3635   28.4093   28.8636   27.7149   29.5581
      33         22.4000    22.8511   -0.4511   22.7120   22.9902   21.9471   23.7550
      34         18.6000    18.1102    0.4898   17.9317   18.2888   17.1994   19.0211
      35         30.4000    29.8418    0.5582   29.5870   30.0965   28.9130   30.7706
      36         23.0000    22.5297    0.4703   22.3915   22.6678   21.6259   23.4334
      37         19.6000    18.9138    0.6862   18.7486   19.0790   18.0055   19.8221
      38         27.0000    27.3508   -0.3508   27.1510   27.5506   26.4356   28.2661
      39         20.0000    20.1994   -0.1994   20.0510   20.3479   19.2940   21.1048
      40         24.6000    24.5385    0.0615   24.3856   24.6913   23.6323   25.4446
      41         15.4000    15.2175    0.1825   14.9793   15.4558   14.2931   16.1419
      42         28.8000    28.0740    0.7260   27.8591   28.2889   27.1554   28.9927

-14.73893
1.683851

       0

 0.28135
57.057143
1582.4829
0.3130447

                                                   The REG Procedure                                                    
                                                     Model: MODEL1                                                      
                                               Dependent Variable: Weight                                               

Source                 DF  Sum of Squares  Mean Square   F Value    Pr > F
---------------  --------  --------------  -----------  --------  --------
Model                   2      1023.26774    511.63387   2050.01    <.0001
Error                  39         9.73345      0.24958                    
Corrected Total        41      1033.00119                                 

Root MSE           0.49958    R-Square            0.9906
Dependent Mean      22.17381    Adj R-Sq            0.9901
Coeff Var          2.25300

                                              Parameter Estimates                                               

Variable         DF   Estimate  Standard Error   t Value  Pr > |t|  95% Confidence Limits  95% Confidence Limits
---------  --------  ---------  --------------  --------  --------  ---------------------  ---------------------
Intercept         1  -25.01010         0.90149    -27.74    <.0001              -26.83355              -23.18666
Height            1    0.48579         0.12934      3.76    0.0006                0.22416                0.74741
Length            1    0.26353         0.10677      2.47    0.0181                0.04757                0.47950

                                  Output Statistics                                  

     Obs  Dep Var Weight  Predicted  Residual      LCLM      UCLM       LCL       UCL
--------  --------------  ---------  --------  --------  --------  --------  --------
       1         12.5000    12.9703   -0.4703   12.5395   13.4010   11.8718   14.0687
       2         18.3000    18.6165   -0.3165   18.4198   18.8132   17.5871   19.6460
       3         22.0000    22.7683   -0.7683   22.5136   23.0229   21.7262   23.8103
       4         15.8000    14.4829    1.3171   14.1942   14.7716   13.4320   15.5338
       5         28.6000    28.0202    0.5798   27.7780   28.2623   26.9811   29.0593
       6         19.2000    19.5989   -0.3989   19.4190   19.7788   18.5725   20.6253
       7         24.9000    24.5971    0.3029   24.3180   24.8762   23.5488   25.6454
       8         13.7000    13.6891    0.0109   13.3486   14.0296   12.6228   14.7554
       9         17.1000    17.1138   -0.0138   16.8895   17.3380   16.0787   18.1488
      10         26.3000    26.6104   -0.3104   26.3840   26.8368   25.5749   27.6460
      11         20.4000    20.7270   -0.3270   20.5599   20.8941   19.7028   21.7512
      12         23.8000    23.5744    0.2256   23.3645   23.7843   22.5424   24.6065
      13         14.6000    15.4348   -0.8348   15.1707   15.6989   14.3903   16.4792
      14         27.4000    27.0156    0.3844   26.7965   27.2347   25.9816   28.0495
      15         21.7000    21.6748    0.0252   21.5126   21.8369   20.6514   22.6982
      16         25.1000    25.6503   -0.5503   25.3646   25.9360   24.6002   26.7004
      17         16.4000    16.3603    0.0397   16.1154   16.6052   15.3206   17.4001
      18         29.9000    29.1969    0.7031   28.9255   29.4682   28.1506   30.2431
      19         22.9000    22.2742    0.6258   22.0999   22.4485   21.2488   23.2996
      20         18.0000    17.7742    0.2258   17.5307   18.0177   16.7348   18.8136
      21         30.7000    31.1114   -0.4114   30.4573   31.7655   29.9077   32.3152
      22         23.3000    23.2706    0.0294   23.0265   23.5146   22.2310   24.3101
      23         19.9000    20.0526   -0.1526   19.8650   20.2402   19.0249   21.0804
      24         27.8000    28.3726   -0.5726   28.1192   28.6260   27.3308   29.4144
      25         20.8000    21.2252   -0.4252   21.0658   21.3846   20.2022   22.2482
      26         24.4000    25.2229   -0.8229   24.9263   25.5195   24.1698   26.2760
      27         15.2000    14.9588    0.2412   14.6826   15.2350   13.9113   16.0064
      28         28.2000    27.6677    0.5323   27.4342   27.9013   26.6306   28.7049
      29         21.1000    21.5859   -0.4859   21.3692   21.8025   20.5524   22.6193
      30         25.6000    26.1262   -0.5262   25.8303   26.4222   25.0733   27.1792
      31         16.9000    16.9153   -0.0153   16.6870   17.1436   15.8794   17.9513
      32         29.0000    28.6723    0.3277   28.4137   28.9310   27.6293   29.7154
      33         22.4000    22.7765   -0.3765   22.6077   22.9453   21.7520   23.8010
      34         18.6000    18.1711    0.4289   17.9630   18.3791   17.1394   19.2027
      35         30.4000    30.3497    0.0503   29.8434   30.8560   29.2195   31.4800
      36         23.0000    22.4241    0.5759   22.2454   22.6028   21.3979   23.4502
      37         19.6000    19.0258    0.5742   18.8176   19.2340   17.9941   20.0575
      38         27.0000    27.3680   -0.3680   27.1415   27.5945   26.3324   28.4036
      39         20.0000    20.2774   -0.2774   20.0977   20.4571   19.2511   21.3037
      40         24.6000    24.2710    0.3290   23.9919   24.5502   23.2227   25.3194
      41         15.4000    15.1836    0.2164   14.9126   15.4546   14.1374   16.2298
      42         28.8000    28.1215    0.6785   27.8753   28.3677   27.0814   29.1615

                                                The UNIVARIATE Procedure
                                                  Variable:  residual

                                                        Moments

N                                 42    Sum Weights                       42
Mean                        0.000000    Sum Observations            0.000001
Std Deviation               0.487238    Variance                    0.237401
Skewness                    0.321469    Kurtosis                   -0.244253
Uncorrected SS              9.733453    Corrected SS                9.733453
Coeff Variation       2046401422.733093    Std Error Mean              0.075183

        Basic Statistical Measures         

Location            Variability            
--------  --------  -------------  --------
Mean      0.000000  Std Deviation  0.487238
Median    0.018065  Variance       0.237401
Mode             .  Range          2.151891

Quantiles (Definition 5)

Quantile     Estimate
----------  ---------
0% Min      -0.834768
1%          -0.834768
5%          -0.768260
10%         -0.550284
25% Q1      -0.398892
50% Median   0.018065
75% Q3       0.328973
90%          0.579831
95%          0.678546
99%          1.317123
100% Max     1.317123

         Extreme Observations          

      Lowest              Highest
    Value       Obs     Value       Obs
---------  --------  --------  --------
-0.834768        13  0.579831         5
-0.822917        26  0.625783        19
-0.768260         3  0.678546        42
-0.572603        24  0.703145        18
-0.550284        16  1.317123         4







          Tests for Normality          

Test                Statistic   p Value
------------------  ---------  --------
Shapiro-Wilk        0.967067733  0.262370888
Kolmogorov-Smirnov  0.120201067  0.538863921
Anderson-Darling    0.45978688      0.15
Cramer-von Mises    0.073732974  0.7315019


                                               Tests for Location: Mu0=0
 
                                    Test           -Statistic-    -----p Value------

                                    Student's t    t         0    Pr > |t|    1.0000
                                    Sign           M         1    Pr >= |M|   0.8776
                                    Signed Rank    S      -2.5    Pr >= |S|   0.9755

